1605.63 2
243.8 8658.0
269.8 13044.0
282.2 13092.0
309.1 6901.0
318.2 8249.0
322.0 11383.0
326.9 5855.0
327.4 10593.0
345.5 5669.0
398.3 5644.0
399.0 6001.0
415.8 5402.0
416.1 19732.0
417.3 11911.0
420.2 7012.0
426.2 6234.0
427.0 7718.0
434.0 7364.0
435.7 4844.0
436.4 6357.0
441.5 9063.0
464.3 3813.0
464.5 7354.0
478.6 15086.0
481.3 4607.0
488.1 11005.0
494.4 8227.0
497.2 14102.0
498.9 17017.0
502.5 12805.0
504.5 8093.0
516.3 17699.0
525.9 9279.0
527.3 5399.0
529.2 11261.0
530.0 4701.0
532.4 15610.0
533.2 16494.0
537.7 21792.0
537.8 16629.0
538.8 6473.0
546.9 8088.0
550.3 7977.0
558.9 7200.0
560.9 11128.0
564.1 14522.0
564.8 19487.0
566.3 4860.0
566.7 7733.0
567.2 7100.0
572.6 18753.0
573.3 32425.0
573.7 5759.0
573.9 4387.0
575.9 20087.0
576.4 9526.0
579.1 9475.0
579.3 6496.0
581.5 7193.0
581.8 22308.0
586.3 14424.0
586.5 45705.0
595.6 29131.0
595.8 32841.0
596.4 9699.0
599.0 6961.0
608.9 6326.0
613.6 7523.0
616.0 20388.0
616.6 34828.0
622.2 160889.0
623.0 7343.0
623.3 3758.0
627.6 32557.0
630.9 251493.0
631.7 1.0
631.8 8121.0
632.6 37411.0
633.5 5875.0
640.3 4449.0
644.8 8354.0
657.2 14593.0
657.9 15377.0
662.5 14205.0
664.8 6528.0
665.7 9627.0
665.8 27933.0
666.5 8908.0
666.6 16752.0
667.4 7703.0
671.0 12556.0
671.2 61505.0
672.0 7.0
672.6 17258.0
673.4 13195.0
673.5 55330.0
674.1 19854.0
674.3 11437.0
674.7 17955.0
675.0 36133.0
676.0 36068.0
676.7 1.0
678.6 9012.0
679.5 114619.0
680.2 51207.0
680.4 46283.0
680.8 8817.0
682.5 5785.0
686.5 7554.0
687.9 26372.0
688.6 1014923.0
688.7 916730.0
689.6 27348.0
689.7 34303.0
690.5 5726.0
691.7 4744.0
693.0 8866.0
694.2 8951.0
697.1 5740.0
698.0 12021.0
702.2 6047.0
705.9 13608.0
708.0 11920.0
709.5 16631.0
713.3 8866.0
719.2 3676.0
722.7 26698.0
727.9 67343.0
729.8 16862.0
732.9 3899.0
733.9 6891.0
736.4 48678.0
736.7 74662.0
737.2 118064.0
737.6 31873.0
738.2 2.0
741.8 17829.0
742.3 21637.0
743.2 13792.0
745.4 559660.0
745.6 735027.0
746.1 330803.0
746.5 24628.0
746.7 26538.0
748.4 8640.0
749.4 98397.0
750.3 20880.0
750.6 46156.0
751.1 16264.0
751.7 11677.0
754.5 13048.0
754.9 7403.0
756.1 13474.0
760.1 6043.0
763.9 30866.0
764.3 43909.0
764.5 1.0
765.0 4.0
766.0 7324.0
770.1 11546.0
772.2 42405.0
773.4 11995.0
775.7 6779.0
781.1 17810.0
781.6 32582.0
782.6 14875.0
783.9 10669.0
784.8 17974.0
785.5 76974.0
785.8 39459.0
786.3 4.0
786.5 12564.0
789.1 9266.0
790.0 20588.0
793.5 8202.0
794.0 51535.0
794.9 50256.0
795.5 1.0
802.3 8382.0
811.7 16818.0
812.3 12899.0
813.6 4569.0
815.1 10590.0
817.3 9834.0
821.0 6738.0
828.6 16079.0
833.3 25239.0
837.1 9085.0
847.0 10330.0
856.2 47319.0
856.3 50213.0
857.0 8.0
857.4 15391.0
861.5 16533.0
863.8 10064.0
871.4 17209.0
876.3 5771.0
896.4 8412.0
896.8 3247.0
904.4 18380.0
905.6 17272.0
911.4 7453.0
912.3 198424.0
913.0 7.0
913.4 77464.0
913.6 19304.0
914.3 24118.0
932.1 23367.0
932.4 18969.0
960.5 18425.0
965.5 20666.0
975.2 18512.0
985.4 10323.0
991.3 7554.0
996.0 17997.0
1003.8 7083.0
1004.4 13414.0
1013.1 26245.0
1013.8 7859.0
1014.4 9774.0
1015.4 8552.0
1019.4 34748.0
1020.5 8364.0
1030.1 4324.0
1031.4 24754.0
1031.6 11777.0
1032.0 8528.0
1044.6 7650.0
1046.2 10448.0
1048.5 10489.0
1049.4 186772.0
1049.5 90655.0
1050.5 120027.0
1051.1 1.0
1055.2 3310.0
1056.5 8232.0
1074.2 13628.0
1075.6 7762.0
1075.9 11110.0
1089.7 11919.0
1090.3 9977.0
1090.5 6061.0
1091.6 4066.0
1092.4 12913.0
1097.9 22204.0
1100.1 10966.0
1127.2 3628.0
1130.4 22221.0
1130.7 49514.0
1131.3 2.0
1132.8 20881.0
1144.5 18922.0
1145.6 12612.0
1150.1 57636.0
1150.4 107915.0
1150.7 100860.0
1151.5 107409.0
1151.6 18260.0
1152.2 2.0
1155.3 4367.0
1157.1 12528.0
1161.3 6978.0
1171.4 6685.0
1189.6 15529.0
1189.7 17464.0
1190.4 15124.0
1190.6 13566.0
1191.6 7918.0
1208.6 18326.0
1212.0 8302.0
1230.6 8011.0
1230.7 3158.0
1243.5 12493.0
1244.3 9620.0
1244.7 8425.0
1245.6 17149.0
1260.5 80124.0
1260.6 51160.0
1261.6 20663.0
1278.1 12615.0
1278.4 11720.0
1279.6 6449.0
1280.8 11731.0
1332.2 12189.0
1341.6 17196.0
1343.5 12703.0
1344.3 8348.0
1359.6 64008.0
1359.7 102443.0
1360.6 6.0
1360.7 8181.0
1375.9 39834.0
1376.4 9202.0
1376.7 2.0
1458.4 5618.0
1458.5 25874.0
1459.7 44935.0
1460.0 7133.0
1461.0 21698.0
1461.1 10133.0
1478.4 3712.0
