2448.65 2
441.0 9509.0
449.1 13173.0
450.2 26986.0
507.4 6319.0
522.1 8342.0
543.0 9672.0
551.3 9908.0
555.0 13844.0
567.2 14872.0
579.8 16713.0
607.5 35008.0
608.1 8.0
650.5 12560.0
680.2 22951.0
681.4 23308.0
684.1 10386.0
694.3 66152.0
731.1 16238.0
738.9 15802.0
748.6 13755.0
765.4 67823.0
766.4 23809.0
775.9 14983.0
783.5 18752.0
800.4 11342.0
829.3 15211.0
834.9 14042.0
850.2 24783.0
859.4 11410.0
877.1 12359.0
881.2 21096.0
888.5 12063.0
894.5 72879.0
896.2 31977.0
897.4 13003.0
907.7 6465.0
912.0 12603.0
915.4 9732.0
920.9 15909.0
925.4 45349.0
976.1 7894.0
978.8 27502.0
989.7 27079.0
995.8 25406.0
996.6 5.0
1006.6 16227.0
1009.7 12666.0
1012.4 16698.0
1024.4 49442.0
1025.5 40333.0
1026.1 7.0
1034.5 40872.0
1035.2 22893.0
1036.2 13877.0
1036.8 26493.0
1052.0 96852.0
1052.6 568829.0
1053.6 124688.0
1054.6 21440.0
1059.8 7425.0
1060.7 6050.0
1068.3 16712.0
1082.6 18460.0
1087.5 17262.0
1093.1 26585.0
1094.5 14086.0
1095.8 25603.0
1100.8 46297.0
1101.7 16778.0
1102.3 12783.0
1105.1 20525.0
1106.7 16252.0
1109.8 199691.0
1110.6 14992.0
1111.3 94177.0
1112.5 10117.0
1115.8 21753.0
1117.1 22496.0
1119.0 798003.0
1119.9 19633.0
1123.5 197239.0
1124.4 36681.0
1128.4 16765.0
1137.5 281798.0
1138.5 221686.0
1139.8 42724.0
1141.3 11766.0
1153.5 14011.0
1159.5 11489.0
1165.4 7721.0
1167.6 7894.0
1173.4 9268.0
1180.7 43943.0
1184.5 24744.0
1185.8 16774.0
1186.7 10066.0
1189.2 44765.0
1190.0 21110.0
1191.9 23918.0
1206.7 88152.0
1207.6 26610.0
1208.4 14984.0
1259.5 54784.0
1276.3 26068.0
1276.9 9.0
1283.3 26221.0
1289.2 27039.0
1289.9 1.0
1293.0 9149.0
1293.6 53226.0
1295.8 15691.0
1306.9 18726.0
1307.6 64342.0
1308.3 13388.0
1309.7 9956.0
1311.6 457218.0
1312.6 136756.0
1313.4 1.0
1325.5 45152.0
1350.7 13558.0
1352.3 6324.0
1360.9 19801.0
1361.5 12029.0
1363.0 9587.0
1378.5 145517.0
1379.3 14534.0
1380.3 32891.0
1384.1 14377.0
1386.9 22601.0
1388.6 7204.0
1396.0 12517.0
1396.7 171453.0
1397.6 34954.0
1398.9 24471.0
1401.9 14263.0
1406.7 12752.0
1409.7 11657.0
1418.9 10895.0
1424.7 72377.0
1425.8 21459.0
1431.7 15959.0
1435.7 37259.0
1466.2 15258.0
1472.4 14809.0
1494.8 6616.0
1518.8 23463.0
1533.5 22756.0
1535.8 15208.0
1544.7 16279.0
1552.5 81729.0
1554.0 25707.0
1554.7 20709.0
1555.6 51510.0
1572.7 8469.0
1587.9 17261.0
1613.8 23749.0
1667.0 33898.0
1682.4 10701.0
1683.8 163438.0
1718.7 15380.0
1751.7 19730.0
1754.5 95442.0
1755.3 2.0
1769.6 65159.0
1770.5 1.0
1801.9 12171.0
1824.0 13401.0
1824.6 15448.0
1842.2 40979.0
1843.7 32415.0
1864.1 15280.0
1881.7 14124.0
1999.4 11427.0
