1605.63	2
243.8	8658
269.8	13044
282.2	13092
309.1	6901
318.2	8249
322	11383
326.9	5855
327.4	10593
345.5	5669
398.3	5644
399	6001
415.8	5402
416.1	19732
417.3	11911
420.2	7012
426.2	6234
427	7718
434	7364
435.7	4844
436.4	6357
441.5	9063
464.3	3813
464.5	7354
478.6	15086
481.3	4607
488.1	11005
494.4	8227
497.2	14102
498.9	17017
502.5	12805
504.5	8093
516.3	17699
525.9	9279
527.3	5399
529.2	11261
530	4701
532.4	15610
533.2	16494
537.7	21792
537.8	16629
538.8	6473
546.9	8088
550.3	7977
558.9	7200
560.9	11128
564.1	14522
564.8	19487
566.3	4860
566.7	7733
567.2	7100
572.6	18753
573.3	32425
573.7	5759
573.9	4387
575.9	20087
576.4	9526
579.1	9475
579.3	6496
581.5	7193
581.8	22308
586.3	14424
586.5	45705
595.6	29131
595.8	32841
596.4	9699
599	6961
608.9	6326
613.6	7523
616	20388
616.6	34828
622.2	160889
623	7343
623.3	3758
627.6	32557
630.9	251493
631.8	8121
632.6	37411
633.5	5875
640.3	4449
644.8	8354
657.2	14593
657.9	15377
662.5	14205
664.8	6528
665.7	9627
665.8	27933
666.5	8908
666.6	16752
667.4	7703
671	12556
671.2	61505
672.6	17258
673.4	13195
673.5	55330
674.1	19854
674.3	11437
674.7	17955
675	36133
676	36068
678.6	9012
679.5	114619
680.2	51207
680.4	46283
680.8	8817
682.5	5785
686.5	7554
687.9	26372
688.6	1014923
688.7	916730
689.6	27348
689.7	34303
690.5	5726
691.7	4744
693	8866
694.2	8951
697.1	5740
698	12021
702.2	6047
705.9	13608
708	11920
709.5	16631
713.3	8866
719.2	3676
722.7	26698
727.9	67343
729.8	16862
732.9	3899
733.9	6891
736.4	48678
736.7	74662
737.2	118064
737.6	31873
741.8	17829
742.3	21637
743.2	13792
745.4	559660
745.6	735027
746.1	330803
746.5	24628
746.7	26538
748.4	8640
749.4	98397
750.3	20880
750.6	46156
751.1	16264
751.7	11677
754.5	13048
754.9	7403
756.1	13474
760.1	6043
763.9	30866
764.3	43909
766	7324
770.1	11546
772.2	42405
773.4	11995
775.7	6779
781.1	17810
781.6	32582
782.6	14875
783.9	10669
784.8	17974
785.5	76974
785.8	39459
786.5	12564
789.1	9266
790	20588
793.5	8202
794	51535
794.9	50256
802.3	8382
811.7	16818
812.3	12899
813.6	4569
815.1	10590
817.3	9834
821	6738
828.6	16079
833.3	25239
837.1	9085
847	10330
856.2	47319
856.3	50213
857.4	15391
861.5	16533
863.8	10064
871.4	17209
876.3	5771
896.4	8412
896.8	3247
904.4	18380
905.6	17272
911.4	7453
912.3	198424
913.4	77464
913.6	19304
914.3	24118
932.1	23367
932.4	18969
960.5	18425
965.5	20666
975.2	18512
985.4	10323
991.3	7554
996	17997
1003.8	7083
1004.4	13414
1013.1	26245
1013.8	7859
1014.4	9774
1015.4	8552
1019.4	34748
1020.5	8364
1030.1	4324
1031.4	24754
1031.6	11777
1032	8528
1044.6	7650
1046.2	10448
1048.5	10489
1049.4	186772
1049.5	90655
1050.5	120027
1055.2	3310
1056.5	8232
1074.2	13628
1075.6	7762
1075.9	11110
1089.7	11919
1090.3	9977
1090.5	6061
1091.6	4066
1092.4	12913
1097.9	22204
1100.1	10966
1127.2	3628
1130.4	22221
1130.7	49514
1132.8	20881
1144.5	18922
1145.6	12612
1150.1	57636
1150.4	107915
1150.7	100860
1151.5	107409
1151.6	18260
1155.3	4367
1157.1	12528
1161.3	6978
1171.4	6685
1189.6	15529
1189.7	17464
1190.4	15124
1190.6	13566
1191.6	7918
1208.6	18326
1212	8302
1230.6	8011
1230.7	3158
1243.5	12493
1244.3	9620
1244.7	8425
1245.6	17149
1260.5	80124
1260.6	51160
1261.6	20663
1278.1	12615
1278.4	11720
1279.6	6449
1280.8	11731
1332.2	12189
1341.6	17196
1343.5	12703
1344.3	8348
1359.6	64008
1359.7	102443
1360.7	8181
1375.9	39834
1376.4	9202
1458.4	5618
1458.5	25874
1459.7	44935
1460	7133
1461	21698
1461.1	10133
1478.4	3712
