2314.08 2
331.0 231043.0
335.1 377711.0
340.0 594761.0
362.0 147040.0
388.2 959954.0
390.2 112764.0
391.4 336687.0
392.1 393163.0
408.0 698868.0
408.6 4.0
416.0 139140.0
427.3 193478.0
428.1 186828.0
430.4 175085.0
431.3 124707.0
433.1 149832.0
440.4 208813.0
442.2 156980.0
446.0 124514.0
452.8 171540.0
453.1 330848.0
457.8 184707.0
468.2 356525.0
471.0 847306.0
471.6 111504.0
473.2 309724.0
474.1 137970.0
474.9 109361.0
476.2 634508.0
477.0 213519.0
481.2 120503.0
486.1 455399.0
486.9 500622.0
490.2 250351.0
492.0 297920.0
500.1 352008.0
501.1 320205.0
501.4 157385.0
502.9 593398.0
519.0 566030.0
521.0 369317.0
521.6 533560.0
522.3 268324.0
525.1 446260.0
525.7 296.0
527.0 197127.0
543.1 379495.0
546.8 184434.0
553.0 476391.0
553.3 82183.0
554.0 57271.0
557.3 91118.0
559.0 297117.0
559.1 715712.0
560.9 137456.0
563.1 346017.0
569.4 636125.0
570.3 228462.0
574.1 267603.0
575.0 181369.0
576.4 290273.0
577.5 168897.0
582.0 168771.0
585.0 107729.0
586.5 215444.0
588.1 351079.0
589.2 880653.0
589.4 191120.0
592.2 980577.0
593.0 190.0
595.2 160838.0
597.3 116599.0
598.3 345618.0
598.9 325324.0
600.2 456612.0
603.4 334425.0
604.4 340193.0
606.6 185957.0
606.8 209542.0
607.4 150795.0
614.1 605692.0
614.4 689128.0
614.8 30.0
615.4 94207.0
616.2 2100201.0
616.3 288877.0
617.1 14.0
620.0 3034850.0
620.3 429832.0
621.1 497122.0
621.4 288683.0
626.6 171469.0
627.8 294408.0
633.5 224075.0
634.1 1501286.0
634.2 1943954.0
635.1 1036998.0
635.3 358080.0
636.3 247640.0
648.8 294090.0
652.3 173202.0
657.2 221316.0
662.2 146684.0
671.1 241681.0
671.8 20.0
680.0 171857.0
687.2 100238.0
687.4 437360.0
688.3 2922825.0
689.2 136193.0
703.4 147137.0
704.5 186444.0
705.1 698056.0
705.4 249070.0
706.3 290446.0
706.4 259902.0
708.3 192202.0
709.0 411849.0
715.2 348838.0
715.3 556863.0
716.0 442930.0
728.5 233746.0
731.1 133510.0
733.2 3972171.0
733.3 2635288.0
734.3 2082573.0
734.4 586112.0
735.2 420185.0
736.5 775471.0
743.3 307546.0
754.3 427156.0
755.3 87615.0
759.9 76439.0
762.3 456180.0
764.3 63434.0
768.8 197628.0
772.4 139293.0
773.4 96296.0
775.2 517232.0
782.5 327287.0
786.9 167158.0
791.6 627514.0
795.3 63434.0
797.2 196518.0
798.7 83821.0
801.7 480518.0
817.0 469677.0
819.5 172103.0
821.3 232436.0
832.8 331797.0
833.9 282164.0
839.3 469201.0
839.4 558763.0
839.9 6.0
840.0 122.0
841.9 210770.0
842.5 134568.0
843.7 280742.0
844.4 26.0
847.5 1525120.0
847.6 702893.0
848.4 35.0
848.7 487300.0
849.4 12.0
850.0 446452.0
850.7 213899.0
851.4 1057206.0
852.2 162240.0
856.6 2163305.0
856.8 2724270.0
857.5 689862.0
857.6 898949.0
858.5 234158.0
858.6 230231.0
861.0 118699.0
861.6 673193.0
863.5 427348.0
867.4 239725.0
867.6 90376.0
884.5 275497.0
886.0 260347.0
889.5 232865.0
894.2 157909.0
899.1 359543.0
899.5 197939.0
899.9 316411.0
903.6 417982.0
904.2 276465.0
906.9 337127.0
907.5 557471.0
907.7 409789.0
908.3 203.0
911.9 95771.0
912.5 726083.0
912.8 155006.0
913.4 273231.0
914.0 304394.0
914.6 304394.0
920.8 132313.0
924.4 187050.0
934.3 63871.0
937.1 367169.0
938.6 321238.0
939.2 152124.0
940.8 223164.0
941.7 114827.0
947.4 275186.0
952.0 331687.0
952.4 211883.0
952.8 579501.0
953.5 220.0
954.4 158631.0
958.3 114827.0
963.7 191707.0
967.3 322600.0
967.7 676491.0
968.3 98.0
970.4 168914.0
976.5 255857.0
976.7 335072.0
977.8 268456.0
978.0 123004.0
980.4 135605.0
980.6 317155.0
986.8 239274.0
1006.8 268035.0
1015.0 163541.0
1017.0 227379.0
1018.6 125237.0
1025.8 190501.0
1026.5 620386.0
1026.7 97353.0
1027.3 652862.0
1028.5 2395695.0
1029.3 1391941.0
1030.5 606335.0
1030.7 208750.0
1044.2 267171.0
1045.3 181718.0
1047.3 159527.0
1048.5 251799.0
1050.7 177573.0
1051.2 277526.0
1052.0 237844.0
1059.6 780377.0
1059.7 719335.0
1060.5 502163.0
1060.7 131981.0
1061.3 197369.0
1061.4 139881.0
1064.2 203539.0
1065.2 679448.0
1065.8 309771.0
1066.4 265271.0
1066.7 189134.0
1067.5 200304.0
1078.2 462343.0
1080.5 1124873.0
1080.6 657601.0
1081.6 307496.0
1081.8 268664.0
1083.8 328404.0
1087.6 138656.0
1097.5 165311.0
1108.0 222313.0
1108.7 50.0
1108.9 255173.0
1109.9 114120.0
1110.5 276312.0
1127.4 249043.0
1139.5 258999.0
1140.0 210034.0
1140.6 203028.0
1141.3 24.0
1148.1 285966.0
1148.8 255775.0
1149.7 779655.0
1150.6 99222.0
1152.2 168888.0
1178.4 457713.0
1178.7 781862.0
1180.1 368776.0
1180.4 88281.0
1181.2 924426.0
1181.8 636.0
1192.6 258706.0
1193.8 899993.0
1194.7 258663.0
1200.9 380206.0
1202.8 320022.0
1203.5 164821.0
1210.0 140932.0
1210.8 185210.0
1212.4 439280.0
1214.3 252135.0
1228.6 95676.0
1235.4 147670.0
1237.8 602382.0
1238.5 228603.0
1238.6 179134.0
1254.6 2997210.0
1254.7 4734725.0
1255.7 4520915.0
1256.4 127.0
1256.5 568735.0
1268.6 146924.0
1269.1 212871.0
1285.4 1230622.0
1286.0 434654.0
1286.4 1160167.0
1286.7 1030666.0
1287.0 468088.0
1287.6 126209.0
1288.9 132718.0
1289.6 340621.0
1289.9 307280.0
1290.4 329767.0
1290.6 66.0
1292.1 241515.0
1306.1 574598.0
1306.8 1289583.0
1307.3 840193.0
1307.7 397379.0
1308.8 733035.0
1308.9 197538.0
1309.4 13.0
1325.4 176681.0
1325.8 102871.0
1338.7 155755.0
1342.5 224617.0
1343.4 214510.0
1345.9 110831.0
1356.6 220225.0
1357.2 135138.0
1357.5 241777.0
1358.0 232107.0
1375.1 195528.0
1385.1 143119.0
1399.9 260602.0
1408.7 257943.0
1409.4 12.0
1410.3 224308.0
1411.0 25.0
1416.7 339522.0
1417.3 145884.0
1418.7 147414.0
1420.7 487976.0
1422.0 157800.0
1424.6 129890.0
1426.8 323538.0
1434.6 1057937.0
1434.8 2500619.0
1435.6 1457544.0
1435.8 648067.0
1436.8 700877.0
1437.7 194838.0
1437.9 987542.0
1439.6 151259.0
1452.8 20479744.0
1452.9 40525056.0
1453.8 23291648.0
1453.9 14225408.0
1454.7 11079936.0
1454.8 5694175.0
1455.8 2960087.0
1455.9 1189955.0
1456.5 101.0
1456.7 150.0
1457.6 2248462.0
1457.7 196708.0
1458.6 358848.0
1458.7 2152876.0
1459.4 21.0
1459.5 744613.0
1460.4 125789.0
1501.4 741980.0
1520.4 216875.0
1531.7 290784.0
1533.4 199519.0
1534.4 141251.0
1548.5 237721.0
1550.7 235624.0
1552.5 182847.0
1554.3 132476.0
1562.9 1079963.0
1565.7 639508.0
1566.1 363936.0
1571.6 231771.0
1572.0 387460.0
1572.6 50.0
1580.9 2309491.0
1581.1 2024717.0
1582.0 3580659.0
1582.3 1362917.0
1583.2 23.0
1583.4 615679.0
1584.2 161.0
1601.7 329964.0
1649.3 166396.0
1678.5 103082.0
1681.1 307926.0
1693.8 248776.0
1693.9 1564595.0
1694.7 1095153.0
1695.0 419846.0
1695.4 372703.0
1696.1 521607.0
1698.7 584059.0
1699.7 636149.0
1700.2 1358943.0
1700.5 463173.0
1701.2 727315.0
1701.6 156931.0
1702.0 259701.0
1702.8 279244.0
1703.0 114037.0
1778.8 222204.0
1786.2 293021.0
1787.1 359555.0
1788.2 366419.0
1805.9 148436.0
1811.5 147231.0
1812.8 409976.0
1812.9 582468.0
1813.5 352608.0
1813.8 531524.0
1814.9 1124571.0
1815.5 21.0
1815.9 148489.0
1823.0 331622.0
1833.4 381530.0
1859.8 182882.0
1909.9 251628.0
1912.5 126279.0
1926.1 1044785.0
1926.4 215600.0
1927.0 555631.0
1927.1 256155.0
1927.8 463817.0
1927.9 314389.0
1936.8 248229.0
1948.1 120870.0
1995.4 259980.0
